<<clear>>[0m[93m|[38;2;8;236;252m Username[93m:[38;2;8;236;252m <<username>> [93m|[38;2;8;236;252m MOTD[93m:[38;2;8;236;252m { Stay updated at [93mhttps://space-api.cc[38;2;8;236;252m } [93m|[38;2;8;236;252m v[93m1.3[0m



                              [38;2;8;236;252m╔[38;2;8;226;249m═[38;2;8;216;246m╗[38;2;8;206;243m╔[38;2;8;196;240m═[38;2;8;186;237m╗[38;2;8;176;234m╔[38;2;8;166;231m═[38;2;8;156;228m╗[38;2;8;146;225m╔[38;2;8;136;222m═[38;2;8;126;219m╗[38;2;8;116;216m╔[38;2;8;106;213m═[38;2;8;96;210m╗[0m
                              [38;2;8;236;252m╚[38;2;8;225;249m═[38;2;8;214;246m╗[38;2;8;203;243m╠[38;2;8;192;240m═[38;2;8;181;237m╝[38;2;8;170;234m╠[38;2;8;159;231m═[38;2;8;148;228m╣[38;2;8;137;225m║[38;2;8;126;222m [38;2;8;115;219m [38;2;8;104;216m║[38;2;8;93;213m╣[0m
                              [38;2;8;236;252m╚[38;2;8;227;250m═[38;2;8;218;248m╝[38;2;8;209;246m╩[38;2;8;200;244m [38;2;8;191;242m [38;2;8;182;240m╩[38;2;8;173;238m [38;2;8;164;236m╩[38;2;8;155;234m╚[38;2;8;146;232m═[38;2;8;137;230m╝[38;2;8;128;228m╚[38;2;8;119;226m═[38;2;8;110;224m╝[93mV2.[0m

                 [38;2;8;236;252m╔[38;2;8;233;251m═[38;2;8;230;250m═[38;2;8;227;249m═[38;2;8;224;248m═[38;2;8;221;247m═[38;2;8;218;246m═[38;2;8;215;245m═[38;2;8;212;244m═[38;2;8;209;243m═[38;2;8;206;242m═[38;2;8;203;241m═[38;2;8;200;240m═[38;2;8;197;239m═[38;2;8;194;238m═[38;2;8;191;237m═[38;2;8;188;236m═[38;2;8;185;235m═[38;2;8;182;234m═[38;2;8;179;233m═[38;2;8;176;232m═[38;2;8;173;231m═[38;2;8;170;230m═[38;2;8;167;229m═[38;2;8;164;228m═[38;2;8;161;227m═[38;2;8;158;226m═[38;2;8;155;225m═[38;2;8;152;224m═[38;2;8;149;223m═[38;2;8;146;222m═[38;2;8;143;221m═[38;2;8;140;220m═[38;2;8;137;219m═[38;2;8;134;218m═[38;2;8;131;217m═[38;2;8;128;216m═[38;2;8;125;215m═[38;2;8;122;214m═[38;2;8;119;213m═[38;2;8;116;212m═[38;2;8;113;211m═[38;2;8;110;210m═[38;2;8;107;209m═[38;2;8;104;208m═[38;2;8;101;207m╗[0m
                 [38;2;8;236;252m║[36m              Welcome To [93mSpace[36m              [38;2;8;101;207m║[0m
                 [38;2;8;236;252m║[36m     Connection has been: [93m[[32mEstablished[93m][36m     [38;2;8;101;207m║[0m
                 [38;2;8;236;252m╚[38;2;8;233;251m═[38;2;8;230;250m═[38;2;8;227;249m═[38;2;8;224;248m═[38;2;8;221;247m═[38;2;8;218;246m═[38;2;8;215;245m═[38;2;8;212;244m═[38;2;8;209;243m═[38;2;8;206;242m═[38;2;8;203;241m═[38;2;8;200;240m═[38;2;8;197;239m═[38;2;8;194;238m═[38;2;8;191;237m═[38;2;8;188;236m═[38;2;8;185;235m═[38;2;8;182;234m═[38;2;8;179;233m═[38;2;8;176;232m═[38;2;8;173;231m═[38;2;8;170;230m═[38;2;8;167;229m═[38;2;8;164;228m═[38;2;8;161;227m═[38;2;8;158;226m═[38;2;8;155;225m═[38;2;8;152;224m═[38;2;8;149;223m═[38;2;8;146;222m═[38;2;8;143;221m═[38;2;8;140;220m═[38;2;8;137;219m═[38;2;8;134;218m═[38;2;8;131;217m═[38;2;8;128;216m═[38;2;8;125;215m═[38;2;8;122;214m═[38;2;8;119;213m═[38;2;8;116;212m═[38;2;8;113;211m═[38;2;8;110;210m═[38;2;8;107;209m═[38;2;8;104;208m═[38;2;8;101;207m╝[0m
          [38;2;8;236;252m╔[38;2;8;234;252m═[38;2;8;232;252m═[38;2;8;230;252m═[38;2;8;228;252m═[38;2;8;226;252m═[38;2;8;224;252m═[38;2;8;222;252m═[38;2;8;220;252m═[38;2;8;218;252m═[38;2;8;216;252m═[38;2;8;214;252m═[38;2;8;212;252m═[38;2;8;210;252m═[38;2;8;208;252m═[38;2;8;206;252m═[38;2;8;204;252m═[38;2;8;202;252m═[38;2;8;200;252m═[38;2;8;198;252m═[38;2;8;196;252m═[38;2;8;194;252m═[38;2;8;192;252m═[38;2;8;190;252m═[38;2;8;188;252m═[38;2;8;186;252m═[38;2;8;184;252m═[38;2;8;182;252m═[38;2;8;180;252m═[38;2;8;178;252m═[38;2;8;176;252m═[38;2;8;174;252m═[38;2;8;172;252m═[38;2;8;170;252m═[38;2;8;168;252m═[38;2;8;166;252m═[38;2;8;164;252m═[38;2;8;162;252m═[38;2;8;160;252m═[38;2;8;158;252m═[38;2;8;156;252m═[38;2;8;154;252m═[38;2;8;152;252m═[38;2;8;150;252m═[38;2;8;148;252m═[38;2;8;146;252m═[38;2;8;144;252m═[38;2;8;142;252m═[38;2;8;140;252m═[38;2;8;138;252m═[38;2;8;136;252m═[38;2;8;134;252m═[38;2;8;132;252m═[38;2;8;130;252m═[38;2;8;128;252m═[38;2;8;126;252m═[38;2;8;124;252m═[38;2;8;122;252m═[38;2;8;120;252m═[38;2;8;118;252m╗[0m
          [38;2;8;236;252m║[36m            Type "[93mhelp[36m" For a List of Commands[36m            [38;2;8;118;252m║[0m
          [38;2;8;236;252m║[36m   All rights reserved[93m,[36m Development of Space By [93m[[36mSpace[93m][36m   [38;2;8;118;252m║[0m
          [38;2;8;236;252m╚[38;2;8;234;252m═[38;2;8;232;252m═[38;2;8;230;252m═[38;2;8;228;252m═[38;2;8;226;252m═[38;2;8;224;252m═[38;2;8;222;252m═[38;2;8;220;252m═[38;2;8;218;252m═[38;2;8;216;252m═[38;2;8;214;252m═[38;2;8;212;252m═[38;2;8;210;252m═[38;2;8;208;252m═[38;2;8;206;252m═[38;2;8;204;252m═[38;2;8;202;252m═[38;2;8;200;252m═[38;2;8;198;252m═[38;2;8;196;252m═[38;2;8;194;252m═[38;2;8;192;252m═[38;2;8;190;252m═[38;2;8;188;252m═[38;2;8;186;252m═[38;2;8;184;252m═[38;2;8;182;252m═[38;2;8;180;252m═[38;2;8;178;252m═[38;2;8;176;252m═[38;2;8;174;252m═[38;2;8;172;252m═[38;2;8;170;252m═[38;2;8;168;252m═[38;2;8;166;252m═[38;2;8;164;252m═[38;2;8;162;252m═[38;2;8;160;252m═[38;2;8;158;252m═[38;2;8;156;252m═[38;2;8;154;252m═[38;2;8;152;252m═[38;2;8;150;252m═[38;2;8;148;252m═[38;2;8;146;252m═[38;2;8;144;252m═[38;2;8;142;252m═[38;2;8;140;252m═[38;2;8;138;252m═[38;2;8;136;252m═[38;2;8;134;252m═[38;2;8;132;252m═[38;2;8;130;252m═[38;2;8;128;252m═[38;2;8;126;252m═[38;2;8;124;252m═[38;2;8;122;252m═[38;2;8;120;252m═[38;2;8;118;252m╝[0m



